pos/img1.jpg 2 155 181 20 17 191 208 19 22
pos/img10.jpg 1 158 0 19 13
pos/img100.jpg 15 156 1 20 7 75 44 15 18 158 22 16 9 129 80 18 17 180 49 16 12 193 75 15 14 238 51 13 6 272 65 18 16 265 81 17 18 138 124 12 15 89 157 20 19 211 165 19 14 247 170 10 14 182 207 9 13 177 228 16 11
pos/img101.jpg 14 74 46 15 15 156 2 25 6 160 22 14 11 131 79 15 20 182 49 15 13 192 72 15 17 271 63 18 20 264 85 18 18 212 164 18 17 244 168 14 17 137 125 12 15 93 159 13 13 178 209 13 9 177 227 15 11
pos/img102.jpg 13 158 0 17 10 157 24 19 11 78 47 14 16 132 81 19 21 179 50 18 13 195 77 13 13 273 64 20 19 266 83 18 21 214 166 18 18 247 172 15 14 140 127 12 16 96 160 14 16 185 211 9 10
pos/img103.jpg 13 75 47 16 17 159 0 16 11 155 25 20 9 131 84 22 17 180 51 19 14 272 66 20 17 263 85 22 19 136 123 16 18 197 77 13 14 95 162 15 13 215 169 19 14 247 171 15 14 183 210 13 13
pos/img104.jpg 13 76 50 16 14 157 2 20 7 159 23 18 12 184 51 15 12 196 74 13 18 133 83 18 18 143 125 8 19 92 161 19 17 272 61 22 23 261 86 25 18 214 167 22 15 250 171 13 14 182 206 14 16
pos/img105.jpg 13 156 1 20 10 160 24 14 11 75 49 19 16 132 81 21 20 181 51 17 13 196 76 13 19 269 62 23 21 267 87 20 18 94 158 16 20 142 125 9 17 213 165 18 20 245 169 19 22 186 209 9 13
pos/img106.jpg 13 77 49 13 15 155 0 24 12 161 21 18 16 182 52 19 11 196 77 12 14 272 65 19 19 267 85 15 21 134 84 17 16 141 129 9 13 97 164 13 11 213 168 18 19 250 172 12 16 186 211 10 11
pos/img107.jpg 13 157 1 18 10 157 25 19 10 185 53 13 9 193 77 17 17 270 63 21 20 268 85 18 21 75 50 18 16 129 83 22 18 139 127 14 16 95 157 16 16 213 168 19 13 250 171 10 15 182 208 14 14
pos/img108.jpg 13 156 1 21 11 162 27 16 9 78 46 13 19 133 83 16 19 184 48 14 15 193 78 16 14 275 63 17 20 267 89 17 16 142 125 8 17 100 161 11 14 216 163 17 21 248 171 14 14 186 209 10 13
pos/img109.jpg 13 160 1 15 13 163 24 13 11 77 51 15 14 136 85 13 16 180 48 18 18 196 77 16 14 271 64 21 20 269 86 15 20 215 163 17 19 246 171 15 14 140 127 13 17 96 163 16 13 187 209 8 12
pos/img11.jpg 1 158 2 18 13
pos/img110.jpg 13 157 2 19 9 160 24 16 13 76 52 19 11 135 82 14 19 181 52 17 12 193 73 16 19 143 127 7 15 99 161 11 15 217 168 13 14 271 64 22 20 266 84 20 21 250 169 12 18 185 207 11 13
pos/img111.jpg 14 157 2 20 10 156 24 20 9 78 50 15 14 133 85 18 16 182 50 16 14 238 52 16 7 273 64 19 19 267 83 17 20 143 128 8 15 99 161 10 13 195 74 13 15 215 167 17 17 249 171 15 16 186 211 10 10
pos/img112.jpg 15 159 1 19 10 164 25 13 9 78 47 18 17 135 80 14 20 185 49 13 15 194 75 16 16 277 61 18 20 266 86 17 18 215 131 13 12 226 139 20 13 218 163 16 19 249 170 12 15 98 160 14 17 144 126 10 18 183 209 13 12
pos/img113.jpg 15 157 1 17 8 157 21 20 13 78 47 15 17 186 51 12 13 273 64 21 19 263 86 23 19 143 125 8 18 212 128 16 15 224 138 21 13 131 85 20 14 195 76 16 16 95 160 13 15 213 167 19 15 251 170 13 15 186 210 10 11
pos/img114.jpg 17 158 0 18 12 159 25 17 10 74 48 19 14 46 101 25 18 133 83 18 19 183 52 14 12 194 75 17 15 190 96 16 19 144 127 8 17 96 161 14 14 213 126 14 20 232 137 12 13 266 85 18 18 269 63 25 20 215 168 19 12 249 169 11 16 185 210 10 12
pos/img115.jpg 18 158 3 21 8 78 49 14 14 51 97 20 22 161 25 15 12 133 86 17 17 182 48 17 16 250 66 10 10 273 66 19 17 267 87 18 17 189 97 18 16 196 76 14 14 143 125 10 18 97 160 14 16 214 126 12 19 231 135 13 15 216 167 17 14 248 169 15 16 185 208 11 15
pos/img116.jpg 17 160 2 14 11 160 24 17 10 134 80 21 18 186 51 14 12 241 49 11 12 249 63 12 11 273 62 20 22 263 83 21 20 215 128 13 15 228 138 15 13 196 75 13 15 191 97 15 14 139 125 14 14 100 162 11 11 216 167 17 15 249 169 13 19 49 98 22 20
pos/img117.jpg 17 157 1 21 11 160 23 19 14 77 48 16 15 50 99 21 19 129 81 20 20 185 52 13 11 195 76 14 15 194 97 12 13 136 129 16 13 101 163 11 12 214 126 13 18 231 136 15 17 215 167 19 15 248 170 14 15 268 83 17 20 273 63 20 22 185 209 11 13
pos/img118.jpg 17 161 2 16 9 162 20 16 14 76 52 17 12 50 95 19 24 136 81 14 19 184 51 14 12 250 64 10 9 271 63 20 18 269 85 17 17 196 72 12 16 192 93 14 19 141 123 10 21 96 158 16 18 216 126 11 21 233 134 11 17 214 164 19 18 248 165 13 18
pos/img119.jpg 17 160 1 17 8 161 23 18 11 78 48 18 11 49 99 20 17 138 83 12 16 182 51 16 11 198 77 12 12 192 96 16 15 143 126 9 16 98 159 12 18 276 66 16 19 268 86 16 16 211 126 19 19 231 136 16 17 216 166 18 16 249 167 13 17 183 207 15 16
pos/img12.jpg 1 160 1 15 10
pos/img120.jpg 19 158 0 19 9 91 31 12 22 80 51 14 10 49 97 20 19 132 82 21 17 131 102 17 12 141 127 11 18 96 162 15 12 162 25 16 11 186 51 14 14 198 76 13 14 190 93 19 16 216 126 11 16 229 135 14 15 217 168 14 17 251 172 10 14 280 143 11 22 268 85 14 21 277 68 17 14
pos/img121.jpg 19 93 31 10 18 76 51 22 11 52 100 20 18 159 3 18 11 161 26 17 8 132 84 20 17 135 104 13 13 187 50 11 16 273 64 20 22 266 86 17 18 193 93 16 19 195 75 15 17 144 126 8 15 98 159 13 18 215 129 13 17 229 137 15 18 280 142 13 18 247 171 12 15 213 167 22 14
pos/img122.jpg 25 157 2 21 10 159 25 18 12 95 31 14 18 78 51 19 16 45 98 28 19 42 157 25 14 97 161 15 13 117 101 16 19 136 101 10 16 133 79 18 20 144 126 8 14 138 138 14 14 186 52 13 13 197 77 12 15 193 94 15 20 241 51 10 11 249 62 11 13 272 64 19 18 266 85 17 17 213 126 14 17 233 135 10 16 282 138 10 25 293 149 20 18 246 172 15 11 213 166 21 13
pos/img123.jpg 23 159 1 17 11 160 23 17 11 94 31 12 21 81 50 12 13 49 99 22 18 43 153 23 18 95 163 15 11 120 100 15 19 135 98 12 19 136 82 14 20 184 51 14 13 196 77 14 14 190 96 18 13 273 63 18 22 267 85 16 18 214 126 14 19 232 137 13 13 278 141 14 20 291 152 19 13 250 169 13 16 214 164 20 18 142 137 11 18 142 126 10 15
pos/img124.jpg 29 160 3 13 9 164 22 11 11 153 45 18 19 95 31 14 16 75 52 20 8 53 102 20 15 45 158 18 13 132 82 19 18 116 99 16 17 134 102 12 13 183 48 15 17 250 63 9 11 259 64 12 10 275 62 17 22 260 85 22 17 198 77 14 12 192 97 15 14 190 112 13 13 143 127 13 13 141 136 10 15 106 147 26 14 102 160 9 15 213 127 13 15 229 139 14 12 273 140 18 21 292 149 17 17 247 169 14 13 214 166 19 14 218 222 15 10
pos/img125.jpg 29 95 29 12 20 72 51 23 15 158 3 20 9 160 29 20 8 153 49 16 14 185 50 15 15 196 75 14 16 237 53 16 9 247 64 15 8 273 63 17 19 268 88 15 15 135 84 16 14 121 100 15 16 134 99 14 18 49 100 24 16 45 159 15 19 111 143 20 19 96 157 15 18 139 141 15 12 143 126 8 16 192 96 13 16 191 114 12 16 212 128 15 15 231 139 12 11 271 139 20 19 287 150 23 14 248 170 13 12 215 165 19 14 221 220 12 11
pos/img126.jpg 28 157 3 18 10 159 23 20 10 150 51 20 16 94 30 13 21 77 52 20 12 48 100 28 18 44 155 17 22 74 133 12 17 121 98 11 21 134 83 15 16 135 104 11 13 186 53 15 10 197 75 13 15 194 95 14 18 190 114 14 13 142 125 14 15 138 138 17 14 114 144 19 19 99 160 15 16 273 63 18 22 264 83 19 17 217 123 10 21 229 136 15 14 272 137 19 20 291 152 18 17 250 169 14 15 213 163 21 16 221 216 10 18
pos/img127.jpg 29 161 2 15 11 163 23 15 13 150 50 19 17 185 49 14 14 96 29 10 17 78 47 18 16 50 97 24 22 43 154 18 23 74 131 13 19 122 100 12 20 134 81 18 18 133 100 17 14 198 75 11 14 271 65 19 18 266 85 16 18 194 98 15 13 187 113 16 14 143 122 10 18 141 138 13 17 116 144 17 19 98 161 14 13 213 129 16 15 232 139 10 12 272 140 18 16 293 154 18 12 249 172 13 12 214 165 19 14 221 219 11 17 274 227 8 10
pos/img128.jpg 27 163 4 13 9 162 25 17 17 96 33 13 20 77 52 16 13 52 99 19 21 46 155 17 24 75 131 14 20 136 88 16 14 147 50 24 19 185 55 15 9 195 75 15 18 193 96 16 17 188 112 16 18 214 127 12 17 230 138 15 11 265 87 20 18 273 67 20 18 122 101 10 17 136 101 9 18 115 145 16 18 144 127 8 15 138 139 16 13 97 163 17 9 212 166 22 18 250 169 12 16 275 138 15 20 292 153 18 16
pos/img129.jpg 28 158 3 19 9 160 30 17 13 148 50 18 17 95 32 17 19 77 49 21 18 52 101 22 20 42 159 19 15 77 133 11 17 121 95 12 29 136 87 15 15 136 104 9 14 183 54 15 13 197 76 12 16 272 64 21 21 266 85 17 17 142 139 16 14 144 128 11 13 114 147 18 14 94 165 18 10 215 127 13 22 195 98 10 17 192 114 9 14 271 135 18 22 291 153 17 15 232 139 11 17 212 168 19 17 246 173 15 12 220 222 11 15
pos/img13.jpg 1 161 0 12 17
pos/img130.jpg 1 168 67 7 13
pos/img131.jpg 0
pos/img132.jpg 0
pos/img133.jpg 0
pos/img134.jpg 0
pos/img135.jpg 0
pos/img136.jpg 5 141 50 10 11 147 61 8 12 137 85 11 10 127 97 11 14 181 152 8 9
pos/img137.jpg 5 144 50 9 11 148 64 9 13 138 82 8 14 125 97 13 13 181 150 9 10
pos/img138.jpg 0
pos/img139.jpg 1 185 154 13 14
pos/img14.jpg 1 162 1 15 14
pos/img140.jpg 1 186 157 16 13
pos/img141.jpg 5 175 23 12 11 154 36 11 14 101 116 12 8 136 129 9 14 185 156 16 13
pos/img142.jpg 8 171 24 16 8 156 39 11 11 100 114 14 10 136 131 9 11 198 132 12 13 172 149 11 12 187 155 13 14 172 176 13 8
pos/img143.jpg 12 174 24 14 12 159 41 7 11 156 68 13 9 145 96 11 13 102 116 11 13 132 136 13 10 172 126 15 15 194 140 15 8 213 157 15 12 169 151 13 15 188 161 13 13 172 180 10 9
pos/img144.jpg 13 170 22 15 11 158 35 5 14 158 63 10 12 147 94 8 12 77 71 13 11 103 114 14 13 132 131 15 12 175 121 9 13 200 131 10 12 216 148 12 16 175 147 10 13 189 154 14 14 176 173 10 12
pos/img145.jpg 14 172 22 14 12 155 35 10 12 76 72 12 12 154 63 13 14 173 74 14 17 142 93 15 16 106 103 13 12 102 115 12 9 136 129 10 15 172 122 14 13 195 133 15 11 214 147 15 17 171 148 12 11 188 157 13 13
pos/img146.jpg 14 173 20 10 12 156 36 8 12 158 66 12 10 175 78 12 10 75 71 12 15 106 107 16 8 103 114 13 13 144 93 10 15 135 131 10 15 173 119 13 16 196 129 13 17 214 150 16 16 188 158 13 12 171 148 12 12
pos/img147.jpg 16 171 21 14 11 152 32 12 17 159 63 11 17 172 76 16 13 192 102 15 15 196 133 14 11 171 124 14 11 143 96 12 10 76 73 12 12 110 104 12 11 102 116 12 13 75 138 16 10 134 132 13 11 169 149 15 13 189 154 11 16 214 152 14 13
pos/img148.jpg 18 173 22 10 12 154 37 13 13 157 65 11 10 176 75 10 11 75 73 14 8 107 104 14 12 144 95 11 12 135 133 12 13 101 116 14 11 75 139 13 13 113 150 13 12 171 123 17 12 192 100 16 17 195 134 15 13 213 152 18 13 189 156 15 15 171 149 14 14 175 176 11 11
pos/img149.jpg 19 174 23 11 10 157 32 8 17 159 61 8 19 143 94 11 14 173 76 15 13 193 101 13 15 172 121 16 13 196 133 16 12 213 149 16 17 187 156 12 13 171 149 15 13 75 72 11 11 109 104 10 11 105 116 10 10 123 119 14 14 135 134 11 11 113 147 12 16 76 139 13 12 173 178 12 9
pos/img15.jpg 1 160 1 14 13
pos/img150.jpg 21 175 23 10 10 154 37 11 10 156 63 12 13 176 80 11 9 192 99 12 17 199 134 11 12 214 152 14 13 187 158 14 12 170 150 15 10 174 123 13 12 77 74 10 12 145 93 9 13 109 107 13 10 103 117 12 12 74 140 15 11 93 141 9 13 124 120 12 14 136 134 9 12 151 141 10 14 113 145 13 16 176 177 9 10
pos/img151.jpg 20 171 22 14 9 155 36 10 10 157 63 12 12 176 77 14 11 191 101 14 15 173 122 13 11 195 132 14 13 214 155 14 10 189 159 13 12 171 147 14 16 174 176 11 11 153 143 8 13 145 94 9 15 78 73 10 11 140 103 8 12 109 101 13 14 74 140 14 12 92 142 12 14 113 147 14 16 134 134 14 10
pos/img152.jpg 22 167 24 20 7 158 36 9 12 124 49 11 11 99 55 18 14 77 72 10 12 71 111 13 13 77 140 11 11 93 144 12 10 114 147 11 15 137 134 8 11 145 93 9 13 141 104 7 11 156 66 12 12 174 78 14 10 195 104 11 11 199 132 10 13 178 122 10 12 170 147 14 14 191 158 12 11 214 154 15 12 175 176 11 10 152 142 11 15
pos/img153.jpg 23 174 23 10 11 157 36 7 11 122 49 15 10 101 59 13 10 75 74 14 13 73 112 9 13 155 65 12 13 193 68 15 15 171 79 18 12 192 104 15 13 173 124 15 14 194 134 17 10 216 152 13 14 188 158 14 9 168 145 16 15 151 143 12 12 135 134 12 9 142 105 7 11 115 148 14 16 91 141 13 14 77 140 13 12 176 177 10 10 114 117 12 11
pos/img154.jpg 25 154 34 9 12 174 22 11 10 120 49 17 8 102 54 10 11 76 72 14 9 71 114 15 8 79 136 8 15 95 110 10 12 110 106 12 8 146 94 10 13 139 102 9 14 159 63 14 13 192 66 17 17 170 78 18 9 193 102 13 14 174 123 15 14 196 134 17 9 215 154 16 15 190 157 12 13 167 149 19 9 154 143 12 12 112 145 17 16 94 140 9 16 137 134 11 10 173 175 14 11
pos/img155.jpg 25 174 23 12 10 188 23 16 7 159 36 8 12 121 50 15 9 98 55 15 11 71 73 19 10 72 112 10 12 77 139 11 11 97 109 7 14 92 139 15 15 194 65 14 19 178 76 11 13 153 64 14 9 145 94 9 11 191 102 15 11 198 132 14 12 216 150 14 14 174 121 13 12 171 148 12 13 191 156 12 14 173 175 12 9 153 138 10 17 147 123 11 13 115 146 14 13 116 115 9 15
pos/img156.jpg 31 175 24 10 7 186 21 7 7 159 38 8 8 186 56 15 7 196 69 14 14 174 65 13 16 175 79 15 9 156 66 13 15 123 50 12 10 101 56 14 13 76 73 13 11 96 111 10 10 113 83 13 12 147 92 9 15 192 104 14 13 198 133 13 11 214 151 16 16 172 124 16 13 174 150 12 14 191 159 12 14 176 176 10 13 197 187 15 12 114 150 15 11 95 142 12 13 79 139 12 12 103 167 13 13 120 166 14 8 138 176 11 6 154 145 7 11 147 121 10 17 117 118 9 11
pos/img157.jpg 28 174 24 15 11 157 35 11 15 125 51 12 9 104 59 13 10 79 76 9 8 113 82 15 12 159 66 10 12 185 57 14 6 174 65 10 14 177 80 14 9 196 72 12 12 191 102 16 14 176 123 9 13 196 136 15 10 215 153 17 13 189 158 14 14 173 148 11 16 154 145 8 8 175 176 10 11 196 186 19 15 112 148 17 14 94 143 13 12 76 139 14 11 96 110 11 14 102 163 13 18 118 165 15 12 137 177 13 6 148 94 8 13
pos/img158.jpg 33 176 23 10 9 159 35 8 13 123 50 16 10 101 56 12 11 75 73 16 8 75 110 9 12 78 120 11 11 76 141 11 11 95 143 11 9 95 110 11 11 102 164 11 12 112 150 16 12 122 165 11 12 137 172 12 13 153 145 10 10 172 151 13 12 188 157 15 14 197 135 16 14 194 102 13 15 195 72 15 12 187 53 11 13 174 67 11 10 158 64 13 13 176 77 12 11 145 95 11 14 140 104 9 9 116 87 11 9 110 105 12 11 106 118 12 12 175 125 14 10 171 176 14 9 218 153 14 12 194 185 15 13
pos/img16.jpg 1 157 2 20 14
pos/img17.jpg 2 133 160 20 11 184 210 17 13
pos/img18.jpg 2 139 157 11 12 182 205 17 13
pos/img19.jpg 2 133 162 20 8 183 208 15 8
pos/img2.jpg 1 159 184 18 21
pos/img20.jpg 3 135 159 18 12 59 188 21 14 183 209 18 14
pos/img21.jpg 10 268 62 21 20 183 45 14 18 160 22 15 14 74 46 16 13 132 78 15 20 195 74 15 14 210 165 22 16 240 169 19 15 138 124 13 18 92 157 16 20
pos/img22.jpg 11 271 64 19 20 261 88 23 15 181 48 19 18 159 21 15 11 76 43 13 18 131 77 19 23 136 126 14 15 92 159 14 13 212 163 16 15 244 169 17 17 191 74 15 17
pos/img23.jpg 11 272 64 20 21 267 86 18 17 180 51 17 14 160 24 16 11 74 49 17 15 131 84 18 18 140 125 10 15 98 160 12 15 214 165 18 19 246 172 15 14 195 78 14 12
pos/img24.jpg 11 272 65 22 17 265 88 21 17 160 25 14 10 184 46 15 18 197 76 14 16 129 82 24 18 73 50 23 17 137 128 15 18 92 164 16 9 215 170 19 11 245 171 17 14
pos/img25.jpg 11 275 65 17 19 266 85 20 18 181 50 20 12 158 22 18 12 76 49 15 15 134 83 18 19 196 72 13 21 141 120 10 23 96 160 12 13 211 166 22 18 248 173 16 12
pos/img26.jpg 12 270 68 23 15 269 88 19 17 194 76 19 17 242 52 10 10 179 54 17 10 159 26 17 9 134 83 16 20 79 48 16 17 97 159 13 16 138 128 13 17 213 169 20 14 245 171 20 15
pos/img27.jpg 11 271 63 21 22 267 90 20 14 158 24 18 11 184 48 17 15 193 78 18 13 74 52 21 14 134 79 16 22 139 124 13 16 97 160 12 17 216 160 14 21 245 171 18 14
pos/img28.jpg 11 265 67 26 18 265 88 19 17 193 76 19 18 183 51 16 12 155 26 23 11 75 51 18 14 131 84 19 17 139 123 14 20 93 161 19 16 214 170 18 14 249 172 12 17
pos/img29.jpg 11 162 23 14 15 186 50 14 16 270 62 24 21 265 87 20 15 249 168 14 19 214 166 22 18 131 85 20 15 195 76 14 16 143 127 8 16 73 49 21 15 95 159 15 18
pos/img3.jpg 2 154 190 24 14 193 217 23 20
pos/img30.jpg 13 160 0 15 12 158 22 16 11 184 49 14 15 268 63 24 21 268 87 16 17 132 83 18 18 71 50 23 17 94 162 18 12 141 126 11 17 196 76 14 16 215 166 17 17 250 169 14 14 183 212 15 12
pos/img31.jpg 11 160 25 17 8 77 49 15 12 133 83 18 17 185 50 16 14 192 75 18 16 142 126 10 17 96 161 15 15 214 166 19 15 247 169 16 18 269 89 15 18 271 65 21 16
pos/img32.jpg 11 158 25 19 11 182 52 16 11 75 50 22 13 133 82 17 17 196 77 13 15 270 65 21 16 266 85 17 19 142 124 12 21 97 159 14 16 217 165 17 19 247 168 14 19
pos/img33.jpg 13 159 19 19 16 74 49 17 17 133 81 16 20 184 49 14 13 195 77 17 13 270 62 22 22 264 86 22 18 209 124 20 21 227 138 18 14 218 166 16 18 247 167 17 17 142 125 12 19 94 160 16 15
pos/img34.jpg 13 77 53 14 12 160 24 14 10 183 49 16 16 273 65 22 19 267 86 19 17 197 76 14 17 130 85 21 17 141 126 11 16 96 163 13 12 213 125 14 21 231 142 15 9 249 172 14 13 215 169 17 14
pos/img35.jpg 15 75 49 17 14 47 102 25 17 158 25 20 12 131 83 22 17 185 48 15 16 269 64 23 19 259 87 26 15 198 74 20 16 190 98 16 17 142 128 15 19 98 160 13 13 216 128 10 17 232 139 11 16 214 167 17 15 247 172 14 14
pos/img36.jpg 15 158 23 17 10 78 51 14 12 47 98 25 20 131 83 21 19 183 52 17 12 196 74 10 16 189 96 20 16 143 128 8 14 95 162 14 13 276 62 16 21 271 86 14 17 217 128 15 19 229 141 18 10 218 168 12 15 250 170 14 16
pos/img37.jpg 15 43 102 29 18 78 53 18 10 163 23 14 13 133 82 19 17 184 49 16 15 195 76 14 14 191 93 14 19 142 125 10 20 95 159 14 14 274 64 19 21 266 88 19 13 214 125 14 19 231 135 15 17 216 164 14 18 245 170 16 16
pos/img38.jpg 15 77 50 20 12 49 99 28 20 131 84 20 15 180 52 17 10 161 23 16 15 143 128 11 15 98 163 12 14 192 91 14 20 197 77 16 12 274 61 21 20 267 87 17 15 211 130 19 13 233 136 12 14 215 166 16 13 248 170 15 16
pos/img39.jpg 14 79 48 15 19 47 97 21 18 137 82 13 20 185 52 14 10 274 62 20 19 266 85 18 18 200 71 9 19 192 95 14 17 145 125 6 14 96 162 13 12 216 127 10 19 229 136 16 14 213 163 22 16 247 171 15 15
pos/img4.jpg 1 155 80 14 19
pos/img40.jpg 15 162 23 14 11 77 51 14 11 46 99 23 19 132 84 20 20 186 54 11 9 199 77 11 12 190 93 16 17 141 124 11 18 100 159 9 18 216 129 10 16 232 140 15 11 216 164 16 19 249 171 13 17 266 85 20 17 272 65 21 17
pos/img41.jpg 18 91 29 10 22 79 51 15 12 159 24 16 11 132 80 20 20 48 100 23 16 183 47 17 17 197 74 15 16 187 96 19 14 129 100 19 16 145 122 9 18 93 160 18 13 263 87 26 12 272 64 19 15 213 124 14 19 230 137 13 15 278 140 14 22 250 172 11 13 216 165 18 18
pos/img42.jpg 17 92 31 11 15 77 48 15 13 51 98 21 18 133 83 19 17 160 25 17 9 181 52 21 12 275 63 12 19 267 87 16 16 195 93 13 20 132 103 15 13 144 129 7 14 98 160 11 19 215 128 12 16 229 136 15 13 217 163 14 18 245 169 15 14 277 140 16 21
pos/img43.jpg 21 274 63 18 21 264 83 21 21 283 141 11 18 294 147 16 19 94 31 10 17 74 49 21 14 48 99 24 18 44 160 19 12 133 80 16 21 117 98 16 17 135 100 12 16 182 52 15 11 198 80 12 12 192 98 16 13 146 127 9 13 139 138 13 15 97 159 14 13 213 128 15 14 228 135 16 15 213 167 20 12 243 168 20 15
pos/img44.jpg 22 96 32 11 15 81 49 16 15 157 26 22 10 187 48 11 16 197 74 17 19 192 93 16 17 136 85 16 18 131 99 16 16 119 103 13 14 48 97 24 17 44 160 18 10 96 161 19 18 138 137 14 16 144 126 7 11 214 125 14 17 226 136 17 15 216 165 13 17 246 171 13 14 271 64 18 19 261 83 23 24 281 140 10 22 292 155 20 9
pos/img45.jpg 26 93 31 13 18 74 47 23 14 49 98 23 19 44 157 20 13 159 22 17 13 149 53 20 12 184 50 15 15 199 80 12 11 194 94 15 15 192 113 10 11 135 85 16 13 134 104 14 14 120 100 13 15 111 143 23 18 97 156 14 19 145 126 8 17 139 139 13 13 263 86 21 17 268 65 22 16 217 127 8 14 231 135 15 13 270 138 19 21 292 153 18 11 251 172 14 11 214 166 22 14 221 215 14 18
pos/img46.jpg 26 161 19 17 14 95 31 12 21 78 47 14 19 53 104 20 16 45 158 18 17 113 142 17 19 96 159 17 16 121 101 9 20 131 85 19 14 135 102 11 16 146 128 7 15 139 138 13 19 151 52 16 11 178 45 17 16 196 79 14 12 197 99 14 14 189 113 13 16 212 130 17 18 231 138 12 12 213 161 20 22 262 88 20 15 273 62 16 18 270 140 20 18 294 155 16 13 221 218 12 16 246 168 15 16
pos/img47.jpg 27 165 25 11 11 93 31 16 17 79 50 16 13 53 99 26 18 44 161 20 12 77 131 12 19 121 99 13 15 133 81 20 19 129 101 23 19 114 146 20 16 95 161 17 11 140 140 13 12 142 125 12 15 198 75 14 16 193 92 15 20 191 112 13 16 183 50 18 14 151 48 19 18 271 63 21 20 265 86 18 17 271 140 21 15 289 154 22 13 214 168 19 11 230 140 16 9 213 128 12 15 247 171 15 13 221 221 13 14
pos/img48.jpg 27 95 31 13 19 78 51 15 13 48 101 25 18 42 159 19 18 71 134 17 17 146 49 20 16 160 26 15 10 183 50 19 14 133 87 20 13 133 101 13 14 119 97 13 18 114 143 18 21 98 159 13 14 141 129 12 13 138 137 16 16 194 95 13 14 196 75 15 16 189 112 12 14 272 63 17 21 264 86 17 19 215 129 12 12 228 139 15 10 268 143 21 16 294 155 18 13 244 170 16 17 214 167 17 14 222 219 9 17
pos/img49.jpg 26 98 32 11 18 79 53 17 13 49 97 25 19 73 132 16 13 39 159 22 17 147 45 22 19 161 27 16 12 178 52 22 12 134 85 19 14 135 104 14 12 118 99 14 16 113 144 18 19 98 158 13 15 193 97 14 14 198 78 10 16 145 125 9 16 190 114 12 14 270 63 20 19 267 90 17 15 274 140 17 18 291 153 20 15 230 137 17 15 212 131 16 16 215 165 15 19 248 167 13 18 222 218 10 21
pos/img5.jpg 2 151 82 16 16 184 78 22 10
pos/img50.jpg 23 97 32 10 15 77 53 19 10 50 101 22 16 74 131 15 18 42 159 20 17 146 50 21 16 163 26 12 9 181 52 15 11 195 77 13 12 194 96 12 18 190 115 14 15 136 87 16 12 133 101 19 15 142 138 16 16 112 146 18 16 100 164 12 12 213 127 13 16 230 139 13 12 217 168 17 15 247 172 14 15 272 141 17 18 292 153 20 14 222 218 10 18
pos/img51.jpg 1 165 68 13 13
pos/img52.jpg 1 164 66 13 15
pos/img53.jpg 1 170 73 12 9
pos/img54.jpg 1 172 73 12 10
pos/img55.jpg 5 141 44 14 11 150 54 9 16 138 75 11 14 124 92 15 14 182 146 9 15
pos/img56.jpg 4 136 82 10 15 120 100 20 12 148 62 10 16 183 152 11 13
pos/img57.jpg 4 137 82 10 12 125 97 15 12 145 62 9 14 177 149 14 12
pos/img58.jpg 3 134 76 12 18 122 98 17 14 146 61 9 16
pos/img59.jpg 0
pos/img6.jpg 0
pos/img60.jpg 1 184 155 11 18
pos/img61.jpg 1 182 154 19 17
pos/img62.jpg 5 174 21 14 11 154 38 11 10 99 115 16 11 135 129 11 14 186 156 15 14
pos/img63.jpg 7 173 24 14 10 157 36 6 13 101 110 14 14 134 129 12 15 170 149 14 13 187 155 14 15 198 133 14 11
pos/img64.jpg 11 174 27 16 13 153 38 15 14 161 65 7 12 144 97 12 12 103 116 12 14 133 135 14 12 176 124 9 16 193 137 13 12 214 159 16 13 187 160 11 15 169 152 15 15
pos/img65.jpg 12 76 69 13 15 174 22 8 9 152 34 13 12 159 62 10 14 144 94 12 12 101 111 15 13 135 128 11 14 171 119 15 15 172 145 11 15 199 133 12 10 213 153 16 10 189 154 14 15
pos/img66.jpg 14 172 22 11 11 155 34 9 15 155 64 11 13 173 75 13 15 75 71 15 15 107 100 11 14 99 114 14 13 139 94 14 15 130 132 14 12 172 121 12 16 194 133 16 11 213 153 16 14 187 156 13 16 169 149 13 12
pos/img67.jpg 14 170 21 13 13 155 35 10 12 159 63 10 15 173 75 15 14 77 71 10 15 104 101 15 11 102 116 13 13 145 92 9 16 135 133 11 14 172 120 13 17 173 147 10 15 196 134 13 10 188 159 13 12 213 152 15 11
pos/img68.jpg 15 175 22 9 10 156 39 8 7 154 65 13 11 146 96 10 11 177 78 11 10 0 0 0 0 172 122 17 12 172 149 10 14 197 134 16 10 214 155 16 9 106 104 16 12 103 114 11 12 74 137 17 12 136 131 9 15 76 73 13 14
pos/img69.jpg 18 170 23 14 8 154 38 9 11 157 65 13 11 173 79 19 13 192 102 16 15 174 122 14 15 196 134 16 8 214 151 17 20 189 156 13 12 171 147 14 12 134 134 10 12 143 96 12 16 106 104 14 11 78 72 12 15 76 138 13 12 101 112 13 16 113 150 14 15 174 176 12 11
pos/img7.jpg 1 154 1 20 13
pos/img70.jpg 15 154 65 13 10 173 78 17 11 143 95 12 13 108 108 12 7 75 138 13 13 111 147 15 13 137 132 9 12 124 120 13 10 174 122 14 14 192 100 11 14 194 133 16 14 189 155 13 15 170 150 17 10 174 177 10 12 213 155 18 9
pos/img71.jpg 21 158 64 9 14 157 36 5 13 78 74 11 13 109 105 13 10 103 114 11 14 74 140 14 12 94 143 11 13 116 149 13 14 125 120 10 12 137 134 8 10 142 94 12 13 176 75 14 10 173 22 11 10 194 103 15 12 175 122 12 12 198 136 15 8 215 151 14 16 187 152 12 18 169 152 17 11 153 140 11 18 170 174 16 14
pos/img72.jpg 16 171 23 13 10 156 36 10 12 159 63 8 13 175 78 12 8 191 98 16 17 174 120 11 14 197 132 12 10 214 153 18 11 191 157 13 12 171 147 17 13 95 142 10 13 114 146 14 17 136 134 9 12 153 141 8 12 174 174 14 12 77 140 12 11
pos/img73.jpg 25 172 25 12 10 157 37 6 11 123 49 15 11 101 59 15 10 72 71 15 15 70 112 12 11 75 139 16 14 177 78 15 11 154 64 15 14 146 94 11 11 135 101 16 14 108 103 14 9 99 115 16 13 115 115 10 15 96 143 10 12 117 147 10 16 133 131 11 12 148 144 17 9 176 117 11 20 192 101 14 15 199 135 13 8 215 153 14 11 187 156 14 13 174 150 13 11 174 174 11 13
pos/img74.jpg 18 174 22 10 13 124 50 10 11 102 57 14 11 77 71 11 10 73 113 11 14 77 141 11 10 94 138 9 16 113 147 13 16 173 121 13 16 192 102 15 14 193 69 13 16 175 76 16 16 158 64 12 13 171 147 15 15 189 156 13 14 199 132 14 14 148 142 16 11 173 174 14 16
pos/img75.jpg 19 171 20 14 10 157 36 8 11 120 49 20 14 101 52 15 13 74 70 15 11 70 113 13 11 74 137 14 12 92 140 14 15 114 146 13 17 151 143 11 10 173 124 13 11 188 100 18 13 174 77 16 9 193 67 15 13 158 63 12 13 174 149 11 13 197 134 16 9 191 153 13 17 213 152 16 13
pos/img76.jpg 23 171 22 14 11 187 15 13 15 155 36 10 11 117 49 17 11 101 58 13 8 67 70 24 15 73 113 10 10 79 138 10 13 93 140 11 10 113 147 13 14 193 65 16 14 196 100 13 19 174 119 13 18 199 133 13 10 220 150 10 15 188 154 16 15 174 147 10 15 169 176 19 13 176 73 9 16 159 63 9 13 146 88 14 18 141 103 9 8 152 144 13 11
pos/img77.jpg 22 185 54 13 13 195 68 14 17 171 63 16 13 159 62 11 15 120 49 22 13 95 59 21 10 77 70 14 14 115 87 13 9 73 111 10 11 78 135 11 16 101 163 13 14 115 150 10 14 175 123 15 14 198 135 15 10 215 149 14 17 189 155 13 14 172 150 13 12 153 141 10 14 137 131 8 13 173 177 12 11 144 93 11 12 197 186 14 12
pos/img78.jpg 26 123 50 14 13 102 58 14 13 81 71 9 13 111 84 19 11 110 106 15 9 145 94 13 13 139 102 9 14 76 118 16 17 77 140 14 13 95 142 12 13 115 147 14 15 102 163 10 15 120 168 13 8 138 173 13 11 176 125 12 12 193 104 14 14 193 69 16 16 185 54 15 11 174 66 16 14 197 136 14 10 218 153 12 14 189 157 13 15 172 148 14 15 173 177 13 11 154 145 10 9 198 186 13 13
pos/img79.jpg 20 216 152 14 14 199 133 12 12 175 122 12 14 147 126 12 12 149 94 7 12 123 50 13 11 100 60 18 9 81 73 8 10 71 112 11 12 199 69 13 16 169 149 15 13 190 156 13 15 112 147 16 16 94 143 13 11 77 139 12 13 158 66 11 11 184 55 16 9 176 80 15 11 193 105 16 14 196 188 13 11
pos/img8.jpg 1 157 1 17 11
pos/img80.jpg 2 155 182 18 17 193 209 16 20
pos/img81.jpg 2 158 185 19 18 193 215 20 20
pos/img82.jpg 2 157 189 19 12 194 219 20 17
pos/img83.jpg 1 154 81 14 22
pos/img84.jpg 2 155 82 12 19 186 78 17 10
pos/img85.jpg 1 164 1 13 10
pos/img86.jpg 1 155 2 18 15
pos/img87.jpg 1 157 0 17 12
pos/img88.jpg 1 157 0 21 15
pos/img89.jpg 1 155 1 19 11
pos/img9.jpg 1 160 0 15 15
pos/img90.jpg 1 158 2 16 11
pos/img91.jpg 1 160 2 13 11
pos/img92.jpg 1 162 2 13 12
pos/img93.jpg 1 162 2 15 12
pos/img94.jpg 1 161 3 15 12
pos/img95.jpg 1 159 1 15 13
pos/img96.jpg 3 136 159 19 10 159 42 15 10 186 210 15 10
pos/img97.jpg 3 137 159 15 10 157 38 17 12 183 207 18 15
pos/img98.jpg 3 136 157 17 14 156 41 26 10 180 205 15 13
pos/img99.jpg 4 63 188 18 15 140 161 12 8 158 38 15 17 185 208 14 11
