4 5 20 20
5 5 20 20
6 5 20 20
7 5 20 20
8 5 20 20
9 5 20 20
10 5 20 20
11 5 20 20
4 6 20 20
5 6 20 20
7 6 20 20
8 6 20 20
9 6 20 20
10 6 20 20
6 7 20 20
7 7 20 20
8 7 20 20
9 7 20 20
10 7 20 20
11 7 20 20
12 7 20 20
5 8 20 20
6 8 20 20
7 8 20 20
8 8 20 20
9 8 20 20
10 8 20 20
11 8 20 20
5 9 20 20
6 9 20 20
7 9 20 20
8 9 20 20
9 9 20 20
11 9 20 20
7 10 20 20
8 10 20 20
9 10 20 20
10 10 20 20
11 10 20 20
2 4 24 24
4 4 24 24 
5 4 24 24
6 4 24 24
7 4 24 24
8 4 24 24
2 5 24 24
5 5 24 24
4 6 24 24
5 6 24 24
6 6 24 24
7 6 24 24
5 7 24 24
6 7 24 24
5 8 24 24
6 8 24 24
7 8 24 24
7 10 24 24