5 2 20 20
6 2 20 20
8 2 20 20
9 2 20 20
10 2 20 20
11 2 20 20
5 3 20 20
6 3 20 20
7 3 20 20
8 3 20 20
9 3 20 20
10 3 20 20
11 3 20 20
12 3 20 20
5 4 20 20
6 4 20 20
7 4 20 20
8 4 20 20
9 4 20 20
10 4 20 20
11 4 20 20
12 4 20 20
3 5 20 20
4 5 20 20
5 5 20 20
6 5 20 20
7 5 20 20
8 5 20 20
9 5 20 20
10 5 20 20
11 5 20 20
12 5 20 20
13 5 20 20
14 5 20 20
3 6 20 20
4 6 20 20
5 6 20 20
6 6 20 20
7 6 20 20
8 6 20 20
9 6 20 20
10 6 20 20
11 6 20 20
12 6 20 20
13 6 20 20
14 6 20 20
15 6 20 20
3 7 20 20
4 7 20 20
5 7 20 20
6 7 20 20
7 7 20 20
8 7 20 20
9 7 20 20
10 7 20 20
11 7 20 20
12 7 20 20
13 7 20 20
14 7 20 20
3 8 20 20
4 8 20 20
5 8 20 20
6 8 20 20
7 8 20 20
8 8 20 20
9 8 20 20
10 8 20 20
11 8 20 20
12 8 20 20
13 8 20 20
14 8 20 20
15 8 20 20
4 9 20 20
5 9 20 20
6 9 20 20
7 9 20 20
8 9 20 20
9 9 20 20
10 9 20 20
11 9 20 20
12 9 20 20
13 9 20 20
4 10 20 20
5 10 20 20
6 10 20 20
7 10 20 20
8 10 20 20
9 10 20 20
10 10 20 20
11 10 20 20
9 11 20 20
10 11 20 20
11 11 20 20
9 12 20 20
4 0 24 24
5 0 24 24
6 0 24 24
7 0 24 24
8 0 24 24
4 1 24 24
5 1 24 24
6 1 24 24
7 1 24 24
8 1 24 24
4 2 24 24
5 2 24 24
6 2 24 24
7 2 24 24
8 2 24 24
10 2 24 24
11 2 24 24
1 4 24 24
2 4 24 24
4 4 24 24
5 4 24 24
6 4 24 24
7 4 24 24
8 4 24 24
10 4 24 24
11 4 24 24
12 4 24 24
1 5 24 24
2 5 24 24
4 5 24 24
5 5 24 24
6 5 24 24
7 5 24 24
8 5 24 24
10 5 24 24
11 5 24 24
12 5 24 24
1 6 24 24
2 6 24 24
4 6 24 24
5 6 24 24
6 6 24 24
7 6 24 24
8 6 24 24
10 6 24 24
11 6 24 24
12 6 24 24
1 7 24 24
2 7 24 24
4 7 24 24
5 7 24 24
6 7 24 24
7 7 24 24
8 7 24 24
10 7 24 24
11 7 24 24
12 7 24 24
2 8 24 24
4 8 24 24
5 8 24 24
6 8 24 24
7 8 24 24
8 8 24 24
10 8 24 24
7 10 24 24
8 10 24 24
0 0 29 29
1 0 29 29
3 0 29 29
4 0 29 29
6 0 29 29
7 0 29 29
9 0 29 29
0 1 29 29
1 1 29 29
3 1 29 29
4 1 29 29
6 1 29 29
7 1 29 29
9 1 29 29
0 3 29 29
1 3 29 29
3 3 29 29
4 3 29 29
6 3 29 29
0 4 29 29
1 4 29 29
3 4 29 29
4 4 29 29
6 4 29 29
0 6 29 29
1 6 29 29
3 6 29 29
4 6 29 29
0 0 35 35
2 0 35 35
3 0 35 35
0 2 35 35
0 3 35 35